[gd_scene load_steps=2 format=2]

[ext_resource path="res://RaceScene.gltf" type="PackedScene" id=1]

[node name="RaceScene" instance=ExtResource( 1 )]

[node name="Skeleton" parent="KartClassic_Player/KartVisual/Kart/Root" index="0"]
bones/1/bound_children = [ NodePath("BoneAttachment") ]
bones/2/bound_children = [ NodePath("BoneAttachment2") ]
bones/3/bound_children = [ NodePath("BoneAttachment3"), NodePath("BoneAttachment4") ]

[node name="BoneAttachment" parent="KartClassic_Player/KartVisual/Kart/Root/Skeleton" index="0"]
transform = Transform( 1.57009e-16, 0, 1, 1, 0, -1.57009e-16, 0, 1, 0, -1.34717e-16, 0.4, -0.6 )

[node name="BoneAttachment2" parent="KartClassic_Player/KartVisual/Kart/Root/Skeleton" index="1"]
transform = Transform( 0.187303, 1.86265e-09, 0.982302, 0.324419, 0.943889, -0.0618595, -0.927184, 0.330264, 0.176793, 0.259853, 0.42485, -0.924073 )

[node name="BoneAttachment3" parent="KartClassic_Player/KartVisual/Kart/Root/Skeleton" index="2"]
transform = Transform( 0.262732, -0.262941, 0.92835, 0.707388, 0.706826, 8.9407e-08, -0.656182, 0.656704, 0.371706, -1.49012e-08, 0.510156, 0.194151 )

[node name="BoneAttachment4" parent="KartClassic_Player/KartVisual/Kart/Root/Skeleton" index="3"]
transform = Transform( 0.262732, -0.262941, 0.92835, 0.707388, 0.706826, 8.9407e-08, -0.656182, 0.656704, 0.371706, -1.49012e-08, 0.510156, 0.194151 )

[node name="Skeleton2" parent="KartClassic_Player/KartVisual/PlayerIdle/Root1" index="0"]
bones/3/bound_children = [ NodePath("BoneAttachment5") ]
bones/6/bound_children = [ NodePath("BoneAttachment6") ]
bones/15/bound_children = [ NodePath("BoneAttachment7") ]
bones/18/bound_children = [ NodePath("BoneAttachment8") ]
bones/21/bound_children = [ NodePath("BoneAttachment9") ]
bones/24/bound_children = [ NodePath("BoneAttachment10") ]
bones/27/bound_children = [ NodePath("BoneAttachment11") ]
bones/29/bound_children = [ NodePath("BoneAttachment12") ]
bones/36/bound_children = [ NodePath("BoneAttachment13") ]
bones/39/bound_children = [ NodePath("BoneAttachment14") ]
bones/42/bound_children = [ NodePath("BoneAttachment15") ]
bones/45/bound_children = [ NodePath("BoneAttachment16") ]
bones/48/bound_children = [ NodePath("BoneAttachment17") ]

[node name="BoneAttachment5" parent="KartClassic_Player/KartVisual/PlayerIdle/Root1/Skeleton2" index="0"]
transform = Transform( 0.000561088, 0.942151, 0.335189, -0.569358, -0.275254, 0.77464, 0.82209, -0.191277, 0.536267, 0.144667, 0.174695, 0.286865 )

[node name="BoneAttachment6" parent="KartClassic_Player/KartVisual/PlayerIdle/Root1/Skeleton2" index="1"]
transform = Transform( 0.0003561, 0.977103, 0.212769, 0.581687, 0.172867, -0.794832, -0.813413, 0.124048, -0.568306, -0.148116, 0.181381, 0.289267 )

[node name="BoneAttachment7" parent="KartClassic_Player/KartVisual/PlayerIdle/Root1/Skeleton2" index="2"]
transform = Transform( -0.395858, -0.891157, -0.221663, 0.433368, -0.394101, 0.810479, -0.809622, 0.224774, 0.542207, 0.108795, 0.529844, 0.263434 )

[node name="BoneAttachment8" parent="KartClassic_Player/KartVisual/PlayerIdle/Root1/Skeleton2" index="3"]
transform = Transform( -0.122399, -0.967411, -0.221663, 0.528516, -0.252574, 0.810479, -0.840053, -0.0179504, 0.542207, 0.122251, 0.49972, 0.223218 )

[node name="BoneAttachment9" parent="KartClassic_Player/KartVisual/PlayerIdle/Root1/Skeleton2" index="4"]
transform = Transform( -0.122399, -0.967411, -0.221663, 0.528516, -0.252574, 0.810479, -0.840053, -0.0179504, 0.542207, 0.165366, 0.424636, 0.181665 )

[node name="BoneAttachment10" parent="KartClassic_Player/KartVisual/PlayerIdle/Root1/Skeleton2" index="5"]
transform = Transform( -0.122399, -0.967411, -0.221663, 0.528516, -0.252574, 0.810479, -0.840053, -0.0179504, 0.542207, 0.137776, 0.462251, 0.197259 )

[node name="BoneAttachment11" parent="KartClassic_Player/KartVisual/PlayerIdle/Root1/Skeleton2" index="6"]
transform = Transform( -0.954977, 0.295171, 0.029859, 0.0203693, -0.0351725, 0.999174, 0.295978, 0.954797, 0.0275765, 0.138779, 0.581106, 0.193532 )

[node name="BoneAttachment12" parent="KartClassic_Player/KartVisual/PlayerIdle/Root1/Skeleton2" index="7"]
transform = Transform( -0.0356996, -0.092553, 0.995068, -0.975627, 0.218948, -0.0146374, -0.216513, -0.971337, -0.0981135, 0.0239282, 0.941839, -0.0503377 )

[node name="BoneAttachment13" parent="KartClassic_Player/KartVisual/PlayerIdle/Root1/Skeleton2" index="8"]
transform = Transform( -0.431282, -0.888819, -0.154909, -0.434807, 0.355205, -0.82751, 0.790531, -0.289535, -0.539658, -0.124375, 0.547753, 0.28342 )

[node name="BoneAttachment14" parent="KartClassic_Player/KartVisual/PlayerIdle/Root1/Skeleton2" index="9"]
transform = Transform( 0.243545, -0.957439, -0.154911, -0.561381, -0.00891041, -0.827509, 0.790909, 0.2885, -0.539658, -0.139011, 0.5134, 0.249122 )

[node name="BoneAttachment15" parent="KartClassic_Player/KartVisual/PlayerIdle/Root1/Skeleton2" index="10"]
transform = Transform( 0.243545, -0.957439, -0.154911, -0.561381, -0.00891041, -0.827509, 0.790909, 0.2885, -0.539658, -0.174794, 0.434087, 0.20879 )

[node name="BoneAttachment16" parent="KartClassic_Player/KartVisual/PlayerIdle/Root1/Skeleton2" index="11"]
transform = Transform( 0.243545, -0.957439, -0.154911, -0.561381, -0.00891041, -0.827509, 0.790909, 0.2885, -0.539658, -0.151419, 0.474774, 0.223182 )

[node name="BoneAttachment17" parent="KartClassic_Player/KartVisual/PlayerIdle/Root1/Skeleton2" index="12"]
transform = Transform( -0.911012, -0.18165, -0.370217, 0.409562, -0.503319, -0.760874, -0.0481247, -0.844792, 0.532927, -0.134796, 0.605292, 0.211708 )
